6

0 620 302 453 0 0

620 0 371 892 710 0

302 371 0 723 0 810

453 892 723 0 231 512

0 710 0 231 0 80

0 0 810 512 80 0

Khu_A Khu_B Khu_C Khu_D Khu_E Khu_F

5

0 30 45 0 0

30 0 72 0 81

45 72 0 23 51

0 0 23 0 8

0 81 51 8 0

A1 A2 A3 A4 A5

6

0 62 30 45 0 0 

62 0 37 89 71 0

30 37 0 72 0 81

45 89 72 0 23 51

0 71 0 23 0 8

0 0 81 51 8 0

B1 B2 B3 B4 B5 B6

6

0 62 30 45 0 0 

62 0 37 89 71 0

30 37 0 72 0 81

45 89 72 0 23 51

0 71 0 23 0 8

0 0 81 51 8 0

C1 C2 C3 C4 C5 C6

6

0 62 30 45 0 0 

62 0 37 89 71 0

30 37 0 72 0 81

45 89 72 0 23 51

0 71 0 23 0 8

0 0 81 51 8 0

D1 D2 D3 D4 D5 D6

6

0 62 30 45 0 0 

62 0 37 89 71 0

30 37 0 72 0 81

45 89 72 0 23 51

0 71 0 23 0 8

0 0 81 51 8 0

E1 E2 E3 E4 E5 E6

5

0 62 30 45 0

62 0 37 89 71

30 37 0 72 0

45 89 72 0 23

0 71 0 23 0

F1 F2 F3 F4 F5

